1 20
a r n d c q e g h i l k m f p s t w y v
 0.0788272 0.0521421 0.041964 0.0511397 0.0137835 0.0370417 0.0637743 0.0752693 0.021447 0.0643926 0.100979 0.0567807 0.0213889 0.0443702 0.0465874 0.0614827 0.0535053 0.0132036 0.0333285 0.068592
-1.04668 0.0240238 0.0228527 0.0242709 0.026984 0.0495021 0.0754655 0.11182 0.00850349 0.0243006 0.0603007 0.0507093 0.0239021 0.0162294 0.0485283 0.218536 0.0928044 0.00279672 0.0153185 0.149832 
0.0363187 -0.925225 0.0388271 0.0111432 0.00548333 0.122664 0.0555687 0.0268089 0.0432043 0.00923608 0.0386787 0.349077 0.0140785 0.0051681 0.0220631 0.0527982 0.0423743 0.0094851 0.0219848 0.0202622 
0.0429277 0.0482444 -1.17247 0.219487 0.00591768 0.0835235 0.0663082 0.0982108 0.0732247 0.0131107 0.0180307 0.129695 0.0103263 0.0079186 0.0168411 0.203363 0.0922075 0.00352831 0.0256043 0.0139996 
0.0374114 0.0113616 0.180105 -0.896273 0.00107891 0.0448347 0.320392 0.0527323 0.0213699 0.00250883 0.00548999 0.0435904 0.00263531 0.00224792 0.0279271 0.0846473 0.0402961 0.00218948 0.00841087 0.00704327 
0.15432 0.0207431 0.0180164 0.00400298 -0.697784 0.00529091 0.000779718 0.0218447 0.00952463 0.0317307 0.0601736 0.00407892 0.0202922 0.0330544 0.00502799 0.11223 0.0549933 0.00759014 0.0255306 0.108559 
0.105344 0.172669 0.0946225 0.0618987 0.00196879 -1.4839 0.290849 0.0346958 0.0862867 0.0137709 0.0805434 0.235953 0.0350448 0.0109366 0.0388879 0.100045 0.0686179 0.00379036 0.0196789 0.0282942 
0.0932779 0.0454331 0.0436313 0.256918 0.00016852 0.168932 -1.02109 0.0312498 0.0182038 0.00898808 0.0196079 0.146075 0.00752078 0.00266547 0.0365187 0.0627722 0.0426322 0.00210642 0.00913061 0.0252627 
0.117106 0.0185716 0.0547542 0.0358276 0.00400027 0.0170745 0.0264774 -0.453378 0.00598472 0.00375856 0.00944391 0.0218494 0.00423622 0.00557544 0.0135635 0.0846735 0.0148658 0.00337918 0.0031755 0.00906078 
0.0312541 0.105039 0.143274 0.0509558 0.00612127 0.149028 0.0541305 0.0210037 -1.00725 0.0120951 0.0361801 0.0615317 0.0107998 0.0313586 0.0267479 0.0640017 0.0395103 0.00949172 0.138629 0.0161021 
0.0297479 0.00747893 0.00854411 0.00199248 0.00679208 0.0079217 0.00890178 0.00439343 0.00402847 -1.18393 0.346555 0.0145639 0.0718759 0.0557255 0.00766956 0.00843765 0.052488 0.00368759 0.0158252 0.527303 
0.0470724 0.0199723 0.00749302 0.00278034 0.00821362 0.0295454 0.0123835 0.00703944 0.00768431 0.220992 -0.809226 0.0193047 0.111178 0.104872 0.0146654 0.0183856 0.0232339 0.0100753 0.0212762 0.123059 
0.0703984 0.32056 0.0958515 0.0392598 0.000990158 0.153927 0.164067 0.0289639 0.0232415 0.0165164 0.0343316 -1.20389 0.0185073 0.00562946 0.0388795 0.0754729 0.0763306 0.0026535 0.0149969 0.0233132 
0.0880891 0.0343205 0.0202596 0.00630088 0.0130768 0.0606911 0.0224243 0.0149076 0.0108291 0.216387 0.52488 0.0491308 -1.44922 0.0866203 0.010412 0.0323154 0.0938755 0.0155669 0.0266379 0.122497 
0.0288327 0.00607333 0.00748916 0.00259088 0.0102683 0.0091302 0.00383114 0.00945814 0.0151577 0.0808721 0.238671 0.00720404 0.0417558 -0.808571 0.00982135 0.0294007 0.0120255 0.0349681 0.208717 0.0523036 
0.0821112 0.0246937 0.0151697 0.030656 0.0014876 0.0309198 0.0499911 0.021914 0.0123137 0.0106008 0.0317876 0.0473864 0.00478029 0.00935393 -0.53357 0.0855018 0.0382618 0.00288889 0.00680453 0.0269469 
0.280186 0.0447769 0.138802 0.0704074 0.0251603 0.0602744 0.0651118 0.10366 0.0223257 0.00883699 0.0301964 0.069701 0.0112421 0.0212176 0.0647874 -1.32784 0.269256 0.00415619 0.0197718 0.0179727 
0.136725 0.0412947 0.072318 0.0385145 0.0141669 0.0475042 0.0508144 0.0209126 0.0158373 0.0631684 0.0438487 0.0810034 0.0375271 0.00997241 0.0333148 0.309401 -1.17187 0.00311643 0.0146879 0.137747 
0.0166968 0.0374575 0.0112138 0.00848025 0.00792353 0.0106336 0.0101742 0.0192636 0.0154177 0.0179841 0.0770549 0.0114111 0.0252175 0.117509 0.0101931 0.0193534 0.0126288 -0.554757 0.111473 0.0146711 
0.0362307 0.0343949 0.0322383 0.0129057 0.0105585 0.0218713 0.0174715 0.00717156 0.0892082 0.0305752 0.0644629 0.0255497 0.0170952 0.277865 0.00951153 0.0364739 0.0235798 0.0441616 -0.82824 0.036914 
0.17219 0.0154029 0.00856484 0.00525121 0.0218149 0.0152797 0.0234883 0.00994283 0.00503473 0.495021 0.181164 0.0192988 0.038198 0.0338337 0.0183023 0.0161099 0.107449 0.0028241 0.0179363 -1.20711 
0 
0 
0 
0 
0 
0 
0 
0 
0 
0 
0 
0 
0 
0 
0 
0 
0 
0 
0 
0 
