3 20
a r n d c q e g h i l k m f p s t w y v
 0.0279436 0.0141963 0.006559 0.00329076 0.00486695 0.00637042 0.00589032 0.0100057 0.00587227 0.0356693 0.0524733 0.010242 0.0102737 0.019954 0.00816172 0.0120537 0.015774 0.00483953 0.0131226 0.0358799 0.0217423 0.0215682 0.019322 0.0268186 0.00120586 0.0192731 0.0393618 0.0198931 0.00730774 0.00773863 0.0153517 0.0321761 0.00414323 0.00500945 0.0191203 0.0243485 0.0177136 0.00149111 0.00646433 0.0103983 0.0299407 0.0166989 0.0155773 0.0216101 0.00975106 0.00922256 0.0152 0.0489132 0.0100179 0.0209818 0.0324918 0.0108879 0.00719509 0.0203942 0.0187333 0.024409 0.0203917 0.00751749 0.0139266 0.0222524
-1.30982 0.0118014 0.00852437 0.00685722 0.0745304 0.0240044 0.0156401 0.190683 0.00783822 0.0407376 0.101117 0.0134945 0.0359315 0.0289703 0.0470889 0.219226 0.158615 0.00278533 0.0183849 0.303592 
0.0232296 -0.797637 0.0169016 0.00170055 0.0136082 0.102689 0.0153774 0.0194636 0.0710414 0.0102689 0.0430921 0.310109 0.0142658 0.00819641 0.00946078 0.024505 0.0414962 0.0200156 0.029482 0.0227338 
0.0363168 0.0365818 -1.07706 0.068971 0.0193437 0.0451422 0.00655359 0.0319928 0.18798 0.0401743 0.0295539 0.0363528 0.0369882 0.0212926 0.00729412 0.208909 0.140107 0.0132496 0.0663968 0.0438595 
0.0582284 0.00733613 0.13747 -0.681549 0.00781317 0.0224321 0.0855823 0.00686299 0.0517515 0.0184547 0.0218682 0.00377003 0.00901843 0.0167471 0.00247642 0.0502983 0.0601295 0.00752177 0.0687766 0.0450116 
0.427916 0.0396935 0.0260687 0.00528283 -1.96737 0.00675715 0.00260574 0.0804374 0.0176032 0.0940119 0.183695 0.00939349 0.0676012 0.109582 0.015978 0.303882 0.184312 0.024639 0.0708072 0.297105 
0.105295 0.228839 0.0464785 0.0115877 0.00516241 -1.27253 0.135097 0.016605 0.171514 0.0190888 0.101005 0.12744 0.0756065 0.018318 0.0119682 0.0588831 0.0570522 0.00335374 0.0419045 0.0373371 
0.0741964 0.037061 0.00729756 0.0478124 0.00215303 0.146108 -0.736359 0.00448062 0.0428213 0.0267489 0.052498 0.0606571 0.0273644 0.00949566 0.00608937 0.0179537 0.0484524 0.00898179 0.031929 0.0842586 
0.532532 0.0276152 0.0209721 0.00225715 0.0391261 0.010572 0.00263772 -1.09659 0.0063554 0.019394 0.0394187 0.00424594 0.0228634 0.0400738 0.0228704 0.190655 0.0439063 0.0173856 0.0146397 0.0390671 
0.0372988 0.171743 0.209963 0.029001 0.0145896 0.186064 0.042953 0.0108289 -1.45375 0.0133916 0.0310419 0.0394721 0.0165741 0.0667812 0.018768 0.0537878 0.0516336 0.0224851 0.414564 0.0228068 
0.0319142 0.00408698 0.00738741 0.00170259 0.0128276 0.0034092 0.00441724 0.00544027 0.00220467 -1.61792 0.514748 0.00695157 0.111559 0.0863491 0.00893233 0.00848947 0.065465 0.00468959 0.0159482 0.721397 
0.053848 0.0116582 0.00369414 0.00137142 0.0170379 0.0122623 0.00589309 0.00751644 0.00347389 0.349905 -1.08237 0.00566256 0.161794 0.170237 0.00997748 0.0169661 0.0230436 0.0143466 0.0210824 0.1926 
0.0368175 0.429835 0.0232803 0.00121131 0.00446373 0.079266 0.0348847 0.00414797 0.0226313 0.0242098 0.0290112 -0.868377 0.0246254 0.00836177 0.0036283 0.0194101 0.0645489 0.00597753 0.0236483 0.028418 
0.097731 0.0197126 0.0236143 0.00288869 0.0320247 0.0468815 0.0156891 0.022267 0.00947346 0.387321 0.826371 0.0245495 -2.07717 0.151193 0.0098256 0.0351592 0.129825 0.0257227 0.0244495 0.192473 
0.0405701 0.00583132 0.006999 0.00276188 0.0267279 0.00584813 0.00280307 0.0200945 0.019653 0.154355 0.447676 0.00429194 0.0778446 -1.33257 0.010405 0.039838 0.0149555 0.0543573 0.304505 0.0930494 
0.16122 0.0164558 0.00586177 0.000998477 0.0095279 0.00934143 0.0043947 0.0280375 0.0135034 0.039037 0.0641472 0.0045531 0.0123681 0.0254386 -0.645968 0.061432 0.0767374 0.00884469 0.0136747 0.0903941 
0.508222 0.0288608 0.113677 0.0137318 0.122699 0.0311199 0.00877346 0.158262 0.0262041 0.025122 0.0738582 0.0164927 0.0299671 0.0659487 0.0415964 -1.70599 0.338256 0.0139227 0.0408946 0.0483768 
0.280986 0.0373457 0.0582579 0.0125442 0.056868 0.0230409 0.0180931 0.0278505 0.0192219 0.148034 0.0766562 0.0419115 0.0845554 0.0189187 0.0397052 0.258479 -1.52619 0.00575062 0.0232056 0.294761 
0.0160826 0.0587136 0.0179571 0.00511462 0.0247787 0.00441463 0.010932 0.0359447 0.0272834 0.0345642 0.155556 0.0126504 0.054606 0.224122 0.0149163 0.0346771 0.0187436 -1.02124 0.240039 0.030148 
0.0391491 0.031894 0.0331867 0.0172471 0.0262611 0.0203427 0.0143319 0.0111625 0.185514 0.0433496 0.0843018 0.0184572 0.0191414 0.463024 0.00850506 0.0375635 0.0278942 0.0885245 -1.21766 0.047809 
0.236441 0.00899486 0.0080177 0.00412829 0.0403011 0.00662916 0.0138326 0.0108945 0.00373266 0.717163 0.281673 0.008112 0.055112 0.051748 0.0205623 0.016252 0.129587 0.0040664 0.0174856 -1.63473 
-2.53731 0.108438 0.120681 0.141793 0.00987056 0.212627 0.361393 0.131443 0.0357481 0.0390322 0.0868695 0.228266 0.03465 0.0188298 0.161576 0.46505 0.205585 0.00397271 0.030579 0.14091 
0.109314 -2.14723 0.0978005 0.0256767 0.0163336 0.291093 0.1173 0.0640495 0.108685 0.0327572 0.0945902 0.763923 0.0367436 0.011125 0.0484518 0.120068 0.107769 0.0147422 0.0355999 0.0512042 
0.135798 0.10917 -2.51572 0.493336 0.0124783 0.1723 0.127608 0.250191 0.144803 0.0205356 0.0320359 0.266868 0.011442 0.0172085 0.0253081 0.427703 0.202107 0.00571438 0.0379454 0.0231707 
0.114954 0.0206498 0.355433 -1.87138 0.00249408 0.0811513 0.698677 0.121506 0.0467828 0.00804548 0.0129412 0.0657652 0.0052707 0.00506127 0.0532635 0.161541 0.0857322 0.00470594 0.00890858 0.0184946 
0.177971 0.292145 0.199945 0.0554687 -2.68707 0.124978 0.0385018 0.0978956 0.169968 0.0762396 0.0945455 0.0904398 0.0613142 0.0737027 0.0303237 0.580635 0.173263 0.0232716 0.205641 0.120818 
0.239868 0.325757 0.172737 0.112922 0.00781954 -2.67596 0.505101 0.061054 0.14399 0.0355821 0.121889 0.44996 0.0449191 0.0165004 0.0602166 0.172251 0.124015 0.0067946 0.0162017 0.0583776 
0.199622 0.0642739 0.0626405 0.476033 0.00117952 0.247318 -1.63278 0.0472543 0.0282962 0.0189478 0.027997 0.201377 0.00942879 0.00466506 0.0462578 0.0826658 0.0620778 0.00220471 0.00798909 0.0425543 
0.143661 0.0694426 0.243008 0.163807 0.00593415 0.0591512 0.0935005 -1.25572 0.0305137 0.00580467 0.0145049 0.0678106 0.00459909 0.00845569 0.0419809 0.23287 0.0430866 0.00791527 0.00734624 0.0123302 
0.106359 0.320775 0.382865 0.171688 0.0280467 0.379753 0.152413 0.0830642 -2.73391 0.0498323 0.119231 0.181966 0.0234227 0.0778992 0.0714206 0.202252 0.11544 0.0245261 0.198086 0.044868 
0.109664 0.0912969 0.0512738 0.027882 0.01188 0.0886175 0.0963763 0.0149216 0.0470576 -2.36825 0.385214 0.141032 0.156645 0.0637318 0.0353507 0.0666106 0.246097 0.0111204 0.0815633 0.641914 
0.123032 0.132893 0.0403211 0.0226077 0.00742649 0.153024 0.0717845 0.0187958 0.0567567 0.194183 -1.70193 0.125138 0.17701 0.108057 0.0702935 0.0742024 0.0798143 0.0223464 0.072027 0.15222 
0.154245 0.512069 0.160256 0.0548148 0.00338941 0.269521 0.24635 0.0419244 0.0413275 0.0339194 0.059705 -1.98296 0.027799 0.00829573 0.0524319 0.121008 0.136722 0.00236844 0.0140685 0.0427421 
0.181831 0.191274 0.0533598 0.0341166 0.0178452 0.208951 0.0895762 0.0220819 0.0413124 0.292579 0.655867 0.215886 -2.76522 0.0643981 0.0343453 0.0972652 0.236817 0.0224051 0.077633 0.227674 
0.081726 0.0478988 0.0663749 0.027096 0.0177415 0.0634827 0.0366558 0.0335785 0.113639 0.0984533 0.331146 0.0532841 0.0532625 -1.94956 0.0623176 0.164904 0.0641908 0.0758642 0.440471 0.117472 
0.183732 0.0546547 0.025575 0.0747086 0.00191243 0.0606977 0.0952281 0.0436777 0.0272968 0.0143076 0.0564385 0.0882336 0.00744235 0.016327 -1.05405 0.194271 0.0702007 0.00450387 0.00644629 0.0283989 
0.415271 0.106357 0.339407 0.177929 0.028756 0.136346 0.133637 0.190258 0.0607019 0.0211707 0.0467844 0.159909 0.016551 0.0339273 0.152557 -2.53735 0.441325 0.00407843 0.0340328 0.0383527 
0.252342 0.131219 0.220458 0.129799 0.0117949 0.134933 0.137944 0.048388 0.0476246 0.107513 0.0691717 0.24835 0.0553915 0.0181533 0.0757756 0.606629 -2.51122 0.00594609 0.0217192 0.188072 
0.0579271 0.213238 0.0740476 0.0846394 0.0188198 0.0878225 0.0581992 0.105599 0.120199 0.0577134 0.230066 0.0511076 0.0622552 0.254869 0.0577526 0.0665972 0.0706365 -1.849 0.151005 0.0265078 
0.10285 0.118779 0.113419 0.0369591 0.0383605 0.0483047 0.0486462 0.0226071 0.22393 0.0976416 0.171052 0.0700259 0.0497578 0.341337 0.019067 0.128188 0.0595152 0.0348319 -1.80896 0.0836842 
0.294633 0.106207 0.0430554 0.0476999 0.0140109 0.108202 0.161085 0.023589 0.0315323 0.477724 0.224731 0.132259 0.0907169 0.0565926 0.0522196 0.0898058 0.320381 0.00380118 0.0520239 -2.33027 
-0.341923 0.00448653 0.00212175 0.0017473 0.0154855 0.00323604 0.00397855 0.0656876 0.00151347 0.00337193 0.00941919 0.00148098 0.0084749 0.00334227 0.00986277 0.134475 0.0259173 0.000971978 0.00351205 0.0428382 
0.00804425 -0.148518 0.00789304 0.000915418 0.00105044 0.0125313 0.00622273 0.00859663 0.00631072 0.00109317 0.00308716 0.0638643 0.000929306 0.000392779 0.00362093 0.0146976 0.00507954 0.00100454 0.00092631 0.00225807 
0.00407816 0.00846135 -0.310333 0.0935156 0.0045128 0.00858132 0.00349621 0.0335279 0.0223627 0.0027901 0.0021114 0.017759 0.00254744 0.000341877 0.00221398 0.074911 0.0253705 0.000248151 0.00192354 0.00158024 
0.00242088 0.000707375 0.0674092 -0.188226 0.00178991 0.00254801 0.0572147 0.014429 0.00580788 0.000485267 0.00162572 0.000621744 0.000974667 0.000233092 0.00123568 0.0206702 0.0071216 0.000255821 0.00204462 0.000630841 
0.0475485 0.00179889 0.00720918 0.00396676 -0.175949 0.000355711 0.000441425 0.00653655 0.000711954 0.0039262 0.0108028 0.000277097 0.00276284 0.0093441 0.00151211 0.033816 0.0128933 0.00222864 0.00284178 0.0269752 
0.0105057 0.0226899 0.0144942 0.00597045 0.000376096 -0.234863 0.0593091 0.00817386 0.0266174 0.00134773 0.0196471 0.0160191 0.00955321 0.00180629 0.0042424 0.0174644 0.0120963 0.000404493 0.00319212 0.000953131 
0.0078369 0.00683637 0.00358299 0.0813434 0.000283183 0.0359857 -0.169294 0.00735123 0.00146127 0.000721918 0.00201298 0.00531341 0.000657609 6.82087e-05 0.00153338 0.0106451 0.00207557 0.000126032 0.000764584 0.000694244 
0.0402086 0.00293487 0.0106776 0.00637479 0.00130309 0.00154118 0.00228442 -0.106377 0.00100887 0.000354893 0.00168034 0.00257191 0.000556939 0.000562444 0.00265615 0.0250608 0.00314204 0.000846978 0.000691147 0.00191988 
0.00452335 0.0105194 0.0347727 0.0125284 0.00069299 0.0245041 0.00221715 0.0049259 -0.150126 0.00174168 0.00599016 0.00244159 0.00124289 0.0022254 0.00495957 0.00940477 0.00511944 0.000357961 0.0200806 0.00187829 
0.0048117 0.000870026 0.00207142 0.000499799 0.00182466 0.000592398 0.000522985 0.000827335 0.000831577 -0.476375 0.126416 0.00037682 0.0195985 0.0165375 0.000156784 0.00195006 0.00778977 0.000477468 0.00316008 0.287061 
0.00867965 0.00158662 0.00101225 0.00108126 0.003242 0.00557668 0.000941694 0.0025296 0.00184689 0.0816337 -0.247954 0.000824188 0.0499585 0.0452288 0.00228713 0.0025334 0.00543219 0.00247278 0.00494294 0.0261439 
0.00407255 0.0979494 0.0254077 0.00123403 0.000248164 0.0135689 0.00741774 0.0115541 0.00224649 0.000726158 0.00245955 -0.199724 0.00341101 0.00102586 0.00862965 0.00896231 0.00686478 3.33008e-05 0.00258743 0.00132475 
0.0352663 0.0021568 0.00551517 0.00292736 0.0037443 0.0122452 0.00138923 0.00378615 0.0017305 0.0571515 0.225604 0.00516168 -0.467351 0.0406453 0.000103199 0.0131368 0.0210526 0.00306133 0.00485845 0.0278156 
0.0049068 0.00032161 0.000261129 0.000246989 0.00446769 0.000816833 5.08366e-05 0.00134896 0.00109315 0.017014 0.072058 0.000547678 0.0143397 -0.266359 0.00175166 0.00393095 0.00169935 0.0194214 0.114391 0.00769099 
0.0157633 0.00322771 0.001841 0.00142545 0.000787087 0.00208857 0.00124417 0.00693531 0.00265221 0.000175602 0.0039669 0.00501562 3.96369e-05 0.00190696 -0.0788569 0.0186115 0.00549183 0.000154642 0.00259454 0.00493484 
0.16495 0.010055 0.0478065 0.0183 0.013509 0.00659866 0.00662894 0.0502194 0.00385989 0.00167625 0.00337231 0.00399774 0.00387235 0.00328437 0.0142838 -0.525422 0.166254 0.00078276 0.00301784 0.00295298 
0.0380539 0.00415967 0.0193806 0.00754712 0.0061654 0.0054708 0.00154713 0.00753677 0.00251505 0.00801517 0.00865556 0.00366537 0.0074283 0.00169956 0.00504519 0.199007 -0.365783 0.000140696 0.00278783 0.0369617 
0.0038712 0.00223142 0.000514203 0.000735395 0.00289081 0.000496237 0.00025483 0.00551093 0.000477024 0.00133264 0.0106877 4.8231e-05 0.00293004 0.0526883 0.000385361 0.00254159 0.000381646 -0.127802 0.0391146 0.00070956 
0.00755053 0.00111071 0.00215153 0.00317266 0.00198974 0.0021139 0.000834494 0.00242746 0.0144447 0.00476096 0.0115322 0.00202287 0.00251009 0.167514 0.00349002 0.00528935 0.00408202 0.0211138 -0.265084 0.00697249 
0.0576391 0.00169453 0.00110621 0.000612634 0.0118206 0.000395028 0.000474219 0.00422011 0.000845597 0.27067 0.0381739 0.00064819 0.00899392 0.00704875 0.00415442 0.00323918 0.0338711 0.00023971 0.00436372 -0.450211 
-0.259991 0.102625 0.157366 
0.131896 -0.221444 0.0895484 
0.146869 0.065028 -0.211897 
-0.354622 0.212102 0.14252 
0.139607 -0.271223 0.131617 
0.121161 0.169995 -0.291156 
-0.482193 0.263773 0.21842 
0.0895398 -0.211309 0.121769 
0.0919684 0.151042 -0.24301 
-0.810189 0.420797 0.389393 
0.0516336 -0.188169 0.136535 
0.0592962 0.169443 -0.228739 
-0.212321 0.0585816 0.153739 
0.23644 -0.548414 0.311975 
0.0767344 0.0385803 -0.115315 
-0.44175 0.28139 0.16036 
0.093009 -0.158284 0.0652753 
0.110767 0.136411 -0.247178 
-0.570669 0.370988 0.199681 
0.0555167 -0.132706 0.0771896 
0.0773808 0.19989 -0.277271 
-0.433568 0.126483 0.307085 
0.0636179 -0.345165 0.281548 
0.0628175 0.114506 -0.177323 
-0.341052 0.211622 0.12943 
0.170053 -0.290361 0.120309 
0.0758691 0.0877614 -0.16363 
-0.178257 0.059959 0.118298 
0.276366 -0.361028 0.0846619 
0.201108 0.0312256 -0.232334 
-0.192441 0.0733524 0.119089 
0.250725 -0.372427 0.121702 
0.192325 0.0575017 -0.249826 
-0.390295 0.282019 0.108276 
0.0897698 -0.154445 0.0646748 
0.101853 0.191128 -0.292981 
-0.237188 0.109148 0.12804 
0.270646 -0.373956 0.10331 
0.182826 0.0594902 -0.242316 
-0.244787 0.0726997 0.172087 
0.289583 -0.528566 0.238983 
0.168373 0.0587018 -0.227075 
-0.406546 0.19439 0.212156 
0.0829776 -0.228491 0.145514 
0.0924325 0.148521 -0.240953 
-0.383622 0.184505 0.199117 
0.0913391 -0.22676 0.13542 
0.0983286 0.135085 -0.233414 
-0.304012 0.147633 0.156379 
0.131467 -0.257286 0.125819 
0.120967 0.109295 -0.230262 
-0.282974 0.115781 0.167193 
0.375776 -0.890587 0.514811 
0.107634 0.102114 -0.209748 
-0.277725 0.125525 0.1522 
0.254816 -0.479272 0.224456 
0.143414 0.104186 -0.2476 
-0.198419 0.076646 0.121773 
0.26447 -0.350829 0.0863597 
0.196347 0.0403552 -0.236702 
