4 20
a r n d c q e g h i l k m f p s t w y v
 0.00746074 0.00320857 0.00976675 0.0141941 0.000957841 0.00449309 0.00852055 0.0114187 0.00290184 0.00196626 0.00304919 0.00424964 0.00138001 0.00199295 0.0086247 0.0138646 0.00896877 0.00058867 0.00246541 0.00317574 0.0265805 0.0123521 0.00463295 0.00176526 0.00453278 0.00481215 0.00399364 0.00891287 0.00474988 0.0352434 0.0519381 0.00830505 0.00987844 0.0195613 0.0068181 0.00991484 0.013941 0.00451294 0.0120452 0.0352402 0.0289189 0.0167836 0.0148152 0.020269 0.0096857 0.00912084 0.0149573 0.0483347 0.00988335 0.0206666 0.0320109 0.0114095 0.00701427 0.0201575 0.0183429 0.022958 0.0193849 0.00750173 0.0137761 0.0216616 0.0171216 0.0197028 0.0124993 0.0158301 0.000766222 0.0162503 0.0329345 0.00972421 0.00565789 0.00663309 0.0133315 0.0289184 0.00342865 0.0037352 0.0119636 0.0139503 0.0118497 0.00123045 0.00525098 0.00858978
-2.59185 0.0570562 0.111545 0.109702 0.027429 0.129928 0.123539 0.289621 0.0295694 0.0393336 0.057942 0.0580154 0.0295901 0.020031 0.27735 0.757873 0.284177 0.0070489 0.0218864 0.160214 
0.13267 -1.74386 0.119985 0.0504259 0.0512136 0.113623 0.0315321 0.213776 0.102174 0.0109138 0.0335291 0.256031 0.0153003 0.0108014 0.0742668 0.316213 0.137093 0.018677 0.026955 0.0286821 
0.0852084 0.0394174 -2.28 0.651307 0.0100242 0.108719 0.048525 0.257792 0.0996922 0.026448 0.0308965 0.113697 0.00959304 0.016824 0.0181302 0.513896 0.191424 0.00794897 0.031143 0.0193097 
0.0576615 0.0113987 0.448153 -1.49691 0.00269478 0.0429663 0.393169 0.120157 0.0418949 0.0084007 0.0107166 0.0319142 0.00301774 0.00395948 0.0397987 0.165866 0.0907314 0.00309777 0.0053974 0.0159101 
0.213648 0.171555 0.102213 0.0399336 -2.10794 0.0272035 0.0136385 0.0841901 0.0289063 0.0387894 0.0387802 0.0156368 0.0247999 0.038275 0.0417453 0.690811 0.190277 0.0281893 0.178587 0.140762 
0.215744 0.0811398 0.236324 0.135735 0.00579927 -1.91786 0.213595 0.101977 0.131212 0.0173902 0.0425965 0.125243 0.0601401 0.0241967 0.0757517 0.286227 0.113962 0.00848081 0.01032 0.0320267 
0.108173 0.011874 0.0556222 0.65497 0.00153318 0.112634 -1.42368 0.0861331 0.0204996 0.00801256 0.0138598 0.0539274 0.00533086 0.00557022 0.0629925 0.127678 0.0613622 0.00241773 0.00373008 0.027356 
0.189233 0.0600697 0.220498 0.149363 0.00706217 0.0401266 0.064272 -1.22877 0.0260932 0.00649221 0.0166115 0.0507565 0.00353788 0.00959778 0.0394282 0.274123 0.0422839 0.010906 0.00651932 0.0117988 
0.0760242 0.112975 0.335535 0.204926 0.00954141 0.203163 0.0601922 0.102676 -1.9943 0.0309727 0.0560361 0.0597908 0.0121939 0.0521009 0.0888537 0.21403 0.0951501 0.0103133 0.255569 0.014256 
0.149247 0.0178094 0.131372 0.0606435 0.0188958 0.0397384 0.0347215 0.0377023 0.0457101 -2.01959 0.233708 0.0258748 0.174623 0.0670706 0.05423 0.133107 0.247202 0.0175546 0.0579125 0.472466 
0.141772 0.0352817 0.0989635 0.0498861 0.012182 0.0627675 0.0387292 0.0622072 0.0533281 0.150706 -1.65176 0.0270692 0.124359 0.186525 0.14647 0.140188 0.115599 0.0137438 0.0560939 0.135887 
0.101853 0.193309 0.261306 0.106596 0.00352443 0.132418 0.108125 0.136381 0.0408278 0.0119719 0.0194226 -1.76391 0.00767908 0.00818445 0.108012 0.275228 0.199183 0.0029262 0.0136713 0.0332956 
0.159973 0.0355739 0.0678929 0.0310391 0.0172132 0.195807 0.0329141 0.0292736 0.0256409 0.248805 0.274778 0.0236472 -1.97602 0.0599582 0.0328288 0.154164 0.329005 0.0434264 0.0690652 0.145016 
0.0749872 0.0173898 0.0824481 0.0282 0.0183955 0.0545511 0.0238146 0.0549907 0.0758615 0.0661722 0.28538 0.017452 0.0415177 -1.66896 0.103572 0.257548 0.0799343 0.0766579 0.249101 0.0609853 
0.23992 0.0276289 0.020531 0.0654989 0.00463614 0.0394634 0.0622318 0.052201 0.0298954 0.0123633 0.0517833 0.0532207 0.00525282 0.023933 -1.08109 0.25479 0.0980774 0.00790983 0.0048373 0.02692 
0.407823 0.0731789 0.362008 0.169809 0.047725 0.0927577 0.078465 0.225764 0.0447963 0.0188771 0.0308311 0.0843602 0.0153448 0.0370211 0.158497 -2.45137 0.524269 0.00664194 0.0414938 0.0317036 
0.236395 0.0490448 0.208455 0.143593 0.0203211 0.0570918 0.0582956 0.0538341 0.0307857 0.0541951 0.0393013 0.0943782 0.0506234 0.0177622 0.0943148 0.810452 -2.17696 0.00536979 0.019678 0.133066 
0.0893371 0.1018 0.131883 0.0746941 0.0458676 0.0647309 0.0349949 0.211549 0.0508394 0.0586354 0.07119 0.0211244 0.101804 0.259527 0.115888 0.156434 0.0818123 -1.85493 0.14346 0.0393587 
0.066232 0.0350802 0.123373 0.0310745 0.069383 0.0188078 0.0128913 0.0301946 0.300811 0.0461873 0.0693763 0.0235652 0.0386591 0.201365 0.0169222 0.233346 0.0715856 0.0342541 -1.45863 0.0355185 
0.37639 0.0289787 0.0593855 0.0711112 0.0424556 0.045312 0.0733964 0.0424238 0.0130265 0.292527 0.130472 0.0445548 0.0630162 0.0382717 0.0731097 0.138411 0.3758 0.0072957 0.027574 -1.94351 
-1.23521 0.00962104 0.00564569 0.00333086 0.0764162 0.0172443 0.0104566 0.181744 0.00571269 0.0415713 0.101227 0.0106525 0.0345929 0.0288677 0.0390463 0.194605 0.148717 0.00270746 0.0175386 0.305516 
0.0207035 -0.704512 0.0126639 0.000524435 0.0131063 0.080034 0.00828663 0.0162784 0.0697268 0.0108766 0.0455509 0.262963 0.0151258 0.00921889 0.00911024 0.0196583 0.0386109 0.0198429 0.0297983 0.0224318 
0.0323909 0.0337638 -0.987627 0.0258673 0.020304 0.041518 0.00474164 0.0214892 0.194181 0.050652 0.0397358 0.0324625 0.0393502 0.0261314 0.0052568 0.153425 0.126184 0.0127806 0.0727812 0.0546107 
0.0501547 0.00366966 0.0678893 -0.615127 0.00836192 0.0275353 0.0675511 0.00188185 0.0417276 0.0278254 0.031833 0.00453629 0.0141476 0.0250615 0.00125817 0.0158545 0.036372 0.009195 0.108571 0.0717012 
0.448109 0.0357156 0.0207527 0.00325649 -1.95778 0.00587301 0.00227144 0.0796351 0.0166954 0.100245 0.195574 0.0105588 0.0686297 0.115699 0.0123723 0.258269 0.188185 0.0243851 0.0655277 0.306026 
0.0952511 0.205436 0.0399719 0.0101009 0.00553205 -1.17052 0.0890604 0.0123875 0.165315 0.0224664 0.122777 0.0973066 0.0860025 0.0209756 0.0113051 0.0473374 0.050375 0.00304715 0.0465617 0.0393101 
0.069596 0.0256301 0.00550068 0.0298587 0.00257808 0.107313 -0.700064 0.00412151 0.0377573 0.0368173 0.0692878 0.039962 0.0338384 0.0131854 0.00661093 0.0181399 0.047441 0.011101 0.0349487 0.106376 
0.542007 0.0225598 0.0111702 0.000372714 0.0404997 0.00668812 0.00184675 -1.04588 0.0045447 0.0214074 0.0443284 0.00465558 0.0243476 0.0409006 0.0165368 0.151103 0.0393348 0.0161329 0.0139568 0.0434907 
0.0319683 0.181325 0.189401 0.0155077 0.0159323 0.167482 0.0317459 0.00852786 -1.39698 0.0161074 0.0360773 0.03946 0.0164719 0.0772323 0.014898 0.0367224 0.0444376 0.024802 0.422116 0.0267657 
0.031353 0.00381205 0.0066585 0.00139371 0.0128928 0.00306758 0.004172 0.00541382 0.00217086 -1.61025 0.514876 0.0064765 0.11188 0.0857098 0.0088321 0.00877322 0.0623808 0.00466874 0.0160411 0.719682 
0.0518052 0.0108331 0.00354449 0.00108193 0.0170682 0.0113755 0.0053277 0.00760701 0.00329937 0.349377 -1.07485 0.00519292 0.161599 0.169755 0.00946886 0.0173306 0.0226708 0.0139111 0.0210248 0.192574 
0.0340936 0.391106 0.0181091 0.000964198 0.00576286 0.0563818 0.0192165 0.0049963 0.0225682 0.0274837 0.0324754 -0.795842 0.0270264 0.0102348 0.00385792 0.020826 0.0585222 0.00724823 0.0245169 0.0304521 
0.093081 0.0189135 0.0184551 0.00252815 0.0314911 0.0418949 0.0136801 0.0219678 0.00792023 0.399155 0.849644 0.0227217 -2.08222 0.154147 0.00906589 0.033162 0.119231 0.0237265 0.0234512 0.197981 
0.0392263 0.00582134 0.00618902 0.00226161 0.02681 0.00516008 0.00269194 0.0186359 0.0187536 0.154423 0.450724 0.00434534 0.0778444 -1.31032 0.00903483 0.0368436 0.0138702 0.0537324 0.291665 0.0922825 
0.152223 0.0165047 0.00357203 0.00032575 0.00822529 0.00797901 0.00387229 0.0216176 0.0103788 0.0456539 0.0721307 0.00469928 0.0131352 0.0259211 -0.618622 0.0357458 0.0676538 0.00945715 0.0158791 0.103648 
0.521712 0.0244908 0.0716917 0.00282277 0.118073 0.0229751 0.00730664 0.135833 0.0175925 0.0311854 0.090785 0.0174447 0.0330403 0.0726897 0.0245812 -1.61159 0.310942 0.0135582 0.0380788 0.0567921 
0.28355 0.0342104 0.0419342 0.00460555 0.0611866 0.0173884 0.0135903 0.0251479 0.0151405 0.157701 0.0844615 0.0348634 0.0844861 0.0194619 0.0330874 0.221142 -1.46979 0.00574552 0.0225151 0.309568 
0.0159465 0.0543109 0.0131205 0.00359667 0.0244923 0.00324918 0.00982365 0.0318617 0.0261043 0.0364601 0.160099 0.0133387 0.0519353 0.232903 0.0142878 0.0297871 0.0177486 -1.01029 0.240441 0.0307857 
0.0387029 0.0305577 0.0279939 0.0159114 0.0246591 0.0186018 0.0115874 0.0103274 0.166457 0.0469353 0.090658 0.0169042 0.0192327 0.473663 0.0089883 0.0313441 0.0260589 0.0900857 -1.19896 0.0502949 
0.23044 0.0078626 0.00717954 0.00359166 0.0393626 0.0053679 0.0120551 0.0109996 0.00360764 0.719747 0.283821 0.00717665 0.0554974 0.0512245 0.0200533 0.0159785 0.122465 0.00394248 0.0171909 -1.61756 
-0.329687 0.0042586 0.001993 0.00135989 0.0150167 0.00291218 0.00322886 0.0651618 0.00154434 0.00283776 0.00821815 0.00137253 0.00807582 0.00299175 0.00977306 0.132564 0.0251841 0.000896464 0.00340593 0.0388923 
0.00733776 -0.157311 0.00692353 0.000674141 0.00086487 0.0153106 0.00644675 0.00705243 0.00642715 0.000969041 0.00293144 0.0787927 0.00076949 0.000340029 0.00292961 0.011227 0.00444418 0.00103788 0.000830151 0.00200184 
0.00389029 0.00784343 -0.252022 0.066754 0.00463267 0.00582097 0.00272923 0.0282256 0.020893 0.00231008 0.00185831 0.0159242 0.00240408 0.000256147 0.0016044 0.0615559 0.0218101 0.000231425 0.00171775 0.0015608 
0.00194022 0.000558217 0.0487923 -0.140569 0.00139586 0.0019506 0.0473625 0.0118651 0.00455447 0.000400743 0.00145123 0.000514706 0.000876356 0.000229019 0.000531806 0.011704 0.0037815 0.000176626 0.00200713 0.000476518 
0.0448359 0.00149867 0.00708611 0.00292109 -0.16638 0.000268017 0.00026305 0.00619905 0.000692619 0.00370662 0.0100207 0.000275933 0.00266509 0.00903461 0.00149321 0.0325629 0.0122112 0.00217346 0.00265957 0.025812 
0.00923351 0.0281736 0.00945514 0.00433478 0.000284615 -0.225025 0.0614252 0.00680787 0.0267846 0.00107139 0.0177703 0.0184219 0.00834142 0.00160721 0.00306374 0.0130258 0.0106899 0.000393477 0.00319335 0.000947452 
0.00624277 0.00723389 0.00270329 0.064182 0.000170339 0.0374565 -0.14654 0.00587789 0.00153724 0.000687931 0.00188076 0.00526394 0.000556136 4.67237e-05 0.000997487 0.00855752 0.00153143 9.74953e-05 0.000896265 0.000620887 
0.0389866 0.00244886 0.0086515 0.00497558 0.00124222 0.00128466 0.00181893 -0.096224 0.000757 0.000290307 0.00143218 0.00225936 0.000455964 0.00048283 0.00252131 0.0228046 0.00263699 0.000811302 0.000599938 0.00176385 
0.00451878 0.0109144 0.0313187 0.00934043 0.000678767 0.0247181 0.00232645 0.00370213 -0.13711 0.00154014 0.00555736 0.00252503 0.00110767 0.00212103 0.00367837 0.00710838 0.00467528 0.000338797 0.0192341 0.0017059 
0.00397089 0.000786971 0.00165602 0.000393034 0.00173716 0.00047284 0.000497886 0.000678965 0.000736537 -0.469071 0.126689 0.000319796 0.0182459 0.01575 0.000131905 0.00160111 0.00691422 0.00043801 0.00277881 0.285271 
0.00742435 0.00153698 0.000860059 0.000918905 0.003032 0.00506328 0.0008788 0.00216251 0.00171583 0.081792 -0.23934 0.000844633 0.0490517 0.0438456 0.00196393 0.0019872 0.0049456 0.00241925 0.00465562 0.0242418 
0.00347889 0.115906 0.0206776 0.000914381 0.000234244 0.0147266 0.00690081 0.00957151 0.00218728 0.000579264 0.00236974 -0.204197 0.00324086 0.000946585 0.0070266 0.00618551 0.005388 5.22487e-05 0.00254838 0.00126249 
0.0332956 0.00184122 0.00507778 0.0025324 0.0036801 0.0108466 0.00118591 0.00314201 0.00156074 0.0537591 0.223857 0.0052716 -0.449014 0.039833 7.2437e-05 0.01233 0.018354 0.00295316 0.00425874 0.0251629 
0.00429211 0.000283116 0.00018826 0.000230286 0.00434114 0.000727227 3.46701e-05 0.00115776 0.00103995 0.0161478 0.0696285 0.000535782 0.0138608 -0.259654 0.00157146 0.00310399 0.00137357 0.0192901 0.115007 0.00684083 
0.015408 0.00268057 0.00129584 0.00058765 0.000788469 0.00152342 0.00081338 0.00664383 0.00198195 0.000148615 0.00342733 0.00437061 2.76997e-05 0.00172692 -0.0665449 0.0141973 0.00409848 9.75073e-05 0.00236998 0.00435745 
0.166984 0.00820757 0.0397231 0.0103331 0.0137379 0.00517494 0.00557531 0.0480117 0.00306014 0.0014413 0.0027708 0.00307402 0.00376713 0.00272536 0.0113433 -0.483681 0.152008 0.000558563 0.00252663 0.00265774 
0.0375704 0.00384781 0.0166687 0.00395397 0.00610136 0.00502975 0.00118165 0.00657512 0.00238368 0.00737138 0.00816682 0.00317124 0.00664126 0.00142832 0.00387817 0.180027 -0.331849 7.46252e-05 0.00249306 0.0352841 
0.00345584 0.00232204 0.000457043 0.000477228 0.00280621 0.000478402 0.000194391 0.00522734 0.000446357 0.00120668 0.0103233 7.94656e-05 0.00276126 0.0518333 0.000238421 0.0017094 0.000192836 -0.124065 0.0392871 0.000568066 
0.00714976 0.00101138 0.00184731 0.00295313 0.00186989 0.00211424 0.000973115 0.00210494 0.013799 0.00416871 0.010818 0.00211058 0.00216839 0.16828 0.00315563 0.00421064 0.00350808 0.0213936 -0.259797 0.00616063 
0.0519225 0.00155105 0.00106749 0.000445885 0.0115415 0.000398935 0.000428723 0.00393579 0.000778338 0.272168 0.0358239 0.000664972 0.00814803 0.00636584 0.00368987 0.0028168 0.0315756 0.00019673 0.00391798 -0.437438 
-2.37325 0.120242 0.110585 0.142782 0.00757806 0.222507 0.420902 0.0834745 0.0373688 0.0386563 0.0970452 0.269732 0.0363758 0.0184016 0.102223 0.334341 0.160797 0.00330481 0.0328983 0.134036 
0.10449 -2.23438 0.105194 0.0302506 0.0124535 0.313957 0.114609 0.0557606 0.1123 0.03367 0.094282 0.820344 0.0377537 0.0121873 0.0477311 0.118681 0.113745 0.0149766 0.0372427 0.0547511 
0.15148 0.165818 -2.4309 0.317226 0.0117105 0.204842 0.185565 0.18679 0.174517 0.0200712 0.0378227 0.371891 0.015598 0.0158918 0.0242261 0.298255 0.178615 0.00383543 0.0408872 0.025854 
0.154432 0.0376511 0.25048 -2.04463 0.00181338 0.119853 0.919323 0.0870753 0.0502867 0.00889794 0.0184668 0.11665 0.00740435 0.00582376 0.0513266 0.115949 0.0602036 0.0057303 0.0131897 0.020075 
0.169336 0.320232 0.191033 0.0374642 -2.64379 0.193284 0.0604585 0.0742506 0.274253 0.109865 0.16785 0.168285 0.0967463 0.0899673 0.00811894 0.317382 0.0752175 0.016089 0.152187 0.121776 
0.234438 0.380658 0.157559 0.116754 0.00911356 -2.83274 0.552166 0.0598282 0.153254 0.0380084 0.135273 0.500518 0.0401876 0.0156556 0.0577042 0.160633 0.131514 0.00605107 0.0189827 0.064444 
0.218814 0.0685635 0.0704258 0.441875 0.00140657 0.272446 -1.68521 0.0465261 0.0305276 0.0204661 0.0295197 0.213415 0.0101526 0.00487398 0.0453255 0.0863934 0.0678122 0.00200991 0.00953956 0.0451155 
0.146975 0.11298 0.240096 0.14175 0.00585059 0.0999803 0.157577 -1.3961 0.0365071 0.00846655 0.0232899 0.131712 0.00813293 0.010214 0.0392908 0.163784 0.0368196 0.00641309 0.0100181 0.0162409 
0.113084 0.391067 0.38554 0.140696 0.0371408 0.440171 0.177701 0.0627447 -2.91324 0.0531394 0.134375 0.214111 0.028842 0.0877066 0.05622 0.18142 0.116409 0.0305025 0.202092 0.0602733 
0.0997816 0.100012 0.037822 0.0212352 0.012691 0.0931165 0.101618 0.0124121 0.0453268 -2.40649 0.402949 0.151104 0.143131 0.0681758 0.0327401 0.0594675 0.260036 0.00971317 0.0835959 0.671559 
0.124636 0.139341 0.0354619 0.0219278 0.00964712 0.164891 0.0729267 0.0169881 0.0570289 0.200488 -1.72796 0.128186 0.188143 0.0954949 0.0571088 0.0757583 0.0813131 0.0257772 0.0750417 0.157805 
0.1597 0.55892 0.160742 0.0638548 0.00445888 0.28126 0.243054 0.04429 0.0418909 0.0346592 0.0590942 -2.0737 0.0301253 0.0089793 0.0513198 0.129642 0.14161 0.00237453 0.014741 0.0429869 
0.18165 0.216952 0.0568633 0.0341858 0.0216205 0.190472 0.097523 0.0230663 0.0475944 0.276903 0.731547 0.254087 -2.83612 0.0682663 0.0326271 0.0795492 0.196446 0.0218735 0.0769693 0.227923 
0.0843502 0.0642868 0.0531795 0.0246815 0.0184555 0.0681111 0.0429756 0.0265912 0.132853 0.121069 0.340834 0.0695188 0.0626637 -2.10971 0.0355142 0.10645 0.0537952 0.0710723 0.585528 0.147778 
0.146296 0.0786078 0.0253109 0.0679144 0.000519984 0.0783802 0.124776 0.0319361 0.0265877 0.0181523 0.0636381 0.124049 0.00935058 0.011088 -1.02521 0.130361 0.0476632 0.00222013 0.00714315 0.0312179 
0.410348 0.167621 0.267234 0.131573 0.0174323 0.187117 0.203962 0.114168 0.0735796 0.0282757 0.0723977 0.268743 0.0195513 0.0285021 0.111796 -2.52665 0.349434 0.0036507 0.0263227 0.0449453 
0.232336 0.189126 0.188406 0.0804261 0.00486368 0.180354 0.188474 0.0302152 0.055582 0.14556 0.0914808 0.345588 0.0568405 0.016957 0.0481214 0.411377 -2.51249 0.00567073 0.0216306 0.219485 
0.0459863 0.239815 0.0389617 0.0737219 0.0100189 0.0799155 0.0537978 0.0506826 0.140258 0.0523617 0.279287 0.0558069 0.0609508 0.21575 0.0215863 0.04139 0.0546114 -1.72409 0.183644 0.0255467 
0.10727 0.139743 0.0973271 0.0397627 0.022207 0.0587464 0.0598329 0.0185523 0.217752 0.105599 0.19052 0.081182 0.0502575 0.416506 0.0162747 0.0699317 0.0488131 0.0430329 -1.88117 0.0978564 
0.267169 0.125585 0.0376212 0.0369961 0.0108626 0.121917 0.17298 0.0183858 0.0397006 0.518583 0.244916 0.14472 0.0909766 0.0642602 0.0434796 0.0729937 0.302782 0.00365946 0.0598201 -2.37741 
-0.425422 0.168431 0.128258 0.128733 
0.0472762 -0.280993 0.155751 0.0779662 
0.033089 0.143156 -0.225018 0.0487727 
0.0560952 0.121039 0.0823785 -0.259512 
-0.741799 0.2122 0.30838 0.221219 
0.0551209 -0.408967 0.15562 0.198226 
0.0589539 0.11453 -0.326343 0.152858 
0.0360253 0.124272 0.130211 -0.290509 
-0.301346 0.0777677 0.126334 0.0972446 
0.163943 -0.593912 0.247334 0.182635 
0.083284 0.0773453 -0.257645 0.0970156 
0.0759851 0.0676947 0.114991 -0.25867 
-0.26383 0.0378504 0.140083 0.0858958 
0.304349 -1.12436 0.483583 0.336425 
0.0980985 0.0421158 -0.240023 0.0998087 
0.0770191 0.0375157 0.127796 -0.242331 
-0.503099 0.217202 0.223123 0.0627738 
0.0458978 -0.241951 0.156296 0.0397573 
0.0220652 0.0731442 -0.118866 0.0236566 
0.0784724 0.235194 0.29904 -0.612707 
-0.411754 0.120163 0.125812 0.165779 
0.112196 -0.555145 0.193965 0.248983 
0.0619772 0.102336 -0.278046 0.113733 
0.0458366 0.0737304 0.0638348 -0.183402 
-0.344336 0.0589664 0.125196 0.160173 
0.125806 -0.729874 0.241512 0.362556 
0.0713188 0.0644843 -0.299642 0.163839 
0.0414387 0.0439635 0.074408 -0.15981 
-0.431604 0.0663995 0.281897 0.0833079 
0.0850673 -0.468063 0.312352 0.0706436 
0.0665958 0.0575974 -0.193676 0.0694831 
0.0978245 0.0647494 0.34537 -0.507943 
-0.442024 0.144207 0.178281 0.119536 
0.0881004 -0.401668 0.139273 0.174294 
0.0523448 0.0669338 -0.179981 0.0607027 
0.0613082 0.146323 0.106037 -0.313668 
-0.782737 0.476242 0.1672 0.139295 
0.0265699 -0.196695 0.120549 0.0495758 
0.0159077 0.205576 -0.244973 0.0234888 
0.0412914 0.26341 0.0731837 -0.377885 
-0.851167 0.46714 0.224605 0.159422 
0.0274249 -0.209686 0.120958 0.0613024 
0.0213947 0.196256 -0.266578 0.0489268 
0.0364633 0.238828 0.117481 -0.392772 
-0.520548 0.125567 0.158728 0.236254 
0.0642515 -0.462633 0.130235 0.268146 
0.0591208 0.0947993 -0.329038 0.175118 
0.0347182 0.0770088 0.0690911 -0.180818 
-0.631197 0.353736 0.162013 0.115449 
0.0494166 -0.263061 0.127878 0.085767 
0.0318749 0.180095 -0.257945 0.0459757 
0.0464675 0.247107 0.0940561 -0.387631 
-0.828325 0.394328 0.330791 0.103205 
0.0401752 -0.261503 0.169849 0.0514783 
0.032705 0.164825 -0.238416 0.0408851 
0.0550662 0.269592 0.220642 -0.5453 
-0.373509 0.0957286 0.18125 0.0965303 
0.121094 -0.480961 0.231111 0.128756 
0.0852225 0.0859046 -0.264771 0.0936444 
0.0695896 0.0733781 0.143578 -0.286545 
-0.307904 0.0841242 0.130335 0.093444 
0.117636 -0.437012 0.200055 0.119321 
0.0787109 0.0863974 -0.246324 0.0812154 
0.09287 0.0848047 0.133656 -0.311331 
-0.376079 0.128623 0.148283 0.0991734 
0.0827479 -0.347674 0.15765 0.107277 
0.0686059 0.113377 -0.244912 0.0629292 
0.0750621 0.126209 0.102946 -0.304217 
-1.18607 0.496126 0.579249 0.110696 
0.0647148 -0.32532 0.172429 0.0881755 
0.0454543 0.103731 -0.222086 0.0729009 
0.0529591 0.323403 0.444459 -0.820821 
-0.691977 0.26126 0.307525 0.123193 
0.0534748 -0.315002 0.156265 0.105262 
0.0550354 0.13663 -0.266514 0.0748482 
0.0578407 0.24146 0.196367 -0.495668 
-0.693123 0.405353 0.16183 0.125941 
0.0365291 -0.218303 0.120805 0.0609684 
0.0237255 0.196533 -0.24933 0.0290711 
0.0465616 0.250127 0.0733109 -0.37 
