2 20
a r n d c q e g h i l k m f p s t w y v
 0.0504235 0.0236306 0.0180662 0.0229311 0.0113038 0.0113847 0.016102 0.0531842 0.0115264 0.0498615 0.074217 0.014537 0.0145303 0.0333504 0.0229702 0.0301587 0.0285586 0.00882013 0.0198019 0.0503716 0.0294772 0.0291698 0.0234668 0.0294517 0.00311678 0.0235858 0.0451061 0.0247178 0.0109637 0.0150992 0.027158 0.0390266 0.0069552 0.0115283 0.0239062 0.0300373 0.0243227 0.00459596 0.0133805 0.0192046
-0.598535 0.00615344 0.00248635 0.00167855 0.0284304 0.00520189 0.00324732 0.0950827 0.00238966 0.0185695 0.0459039 0.00237422 0.0185019 0.0127288 0.015448 0.142897 0.0564216 0.00129604 0.00729371 0.13243 
0.0131303 -0.229087 0.00721184 0.000704345 0.00298583 0.0197133 0.00588448 0.00914105 0.0131228 0.00328812 0.0131988 0.0899983 0.00453673 0.00270313 0.00428994 0.0131871 0.0104424 0.00336786 0.00487724 0.00730302 
0.00693952 0.00943312 -0.347137 0.0777063 0.00615534 0.0104686 0.00274311 0.0269581 0.0317596 0.0102822 0.0065096 0.0160526 0.00817226 0.0021977 0.00222267 0.0814575 0.0333453 0.000622189 0.00613131 0.00798004 
0.00369098 0.000725832 0.0612206 -0.173135 0.00164901 0.00258978 0.0424818 0.0133967 0.00675439 0.00146981 0.00233538 0.00023584 0.000575639 0.000867979 0.00123795 0.0187278 0.00658692 0.000317324 0.00551864 0.00275272 
0.126821 0.00624191 0.00983772 0.00334523 -0.455785 0.000259956 0.000173749 0.0139915 0.00191524 0.0201656 0.0443253 0.000767489 0.0143023 0.0220145 0.00308218 0.0565803 0.036998 0.0040154 0.00558622 0.0853607 
0.0230395 0.040918 0.0166124 0.00521635 0.000258109 -0.322427 0.0547382 0.00788726 0.0374743 0.00310669 0.0325885 0.020368 0.0234108 0.0028178 0.0042596 0.0181538 0.0167192 0.000194272 0.0091194 0.00554492 
0.010169 0.00863583 0.00307773 0.0604991 0.000121974 0.0387019 -0.170908 0.00642491 0.00206197 0.00336953 0.00651474 0.00457614 0.00214726 0.000393526 0.00133599 0.0100585 0.00304837 0.000475523 0.00192301 0.00737259 
0.0901472 0.00406153 0.00915742 0.00577617 0.00297375 0.00168836 0.0019452 -0.18483 0.00105491 0.00291713 0.00620978 0.00251815 0.00275807 0.00247914 0.00355082 0.0338631 0.00530958 0.00123008 0.00114716 0.00604219 
0.0104539 0.0269035 0.0497793 0.0134375 0.00187825 0.0370137 0.0028805 0.00486751 -0.265691 0.00409364 0.0114083 0.00410092 0.00334369 0.0114972 0.00573471 0.0125263 0.00990182 0.00099514 0.0502161 0.00465907 
0.0187788 0.00155832 0.00372553 0.00067596 0.00457162 0.00070934 0.00108814 0.00311152 0.000946317 -0.985614 0.318013 0.00128991 0.0558654 0.0483435 0.00216314 0.00282913 0.0245741 0.00236045 0.0067509 0.488259 
0.0311874 0.00420249 0.00158459 0.000721572 0.00675107 0.00499899 0.00141342 0.00444995 0.00177179 0.213652 -0.601239 0.00134544 0.0911029 0.0939827 0.00366599 0.00583086 0.010612 0.00474689 0.0097786 0.109441 
0.0082353 0.146297 0.0199497 0.000372022 0.000596791 0.0159513 0.00506879 0.00921277 0.00325163 0.00442435 0.00686898 -0.266052 0.00726622 0.00239064 0.00568671 0.00726192 0.011554 0.000374548 0.00594884 0.00534073 
0.064206 0.00737809 0.0101609 0.00090845 0.0111264 0.0183427 0.00237952 0.0100952 0.00265243 0.191705 0.46533 0.00726955 -1.04909 0.0835394 0.00291886 0.0167195 0.0491394 0.00496697 0.00796203 0.0922922 
0.0192451 0.00191532 0.00119051 0.000596806 0.00746159 0.0009619 0.000189999 0.0039535 0.00397359 0.0722773 0.209146 0.00104204 0.0363969 -0.570388 0.00293738 0.0107286 0.00405529 0.021622 0.135105 0.0375882 
0.033911 0.0044133 0.00174815 0.00123584 0.00151676 0.00211118 0.00093652 0.00822142 0.00287766 0.00469555 0.0118449 0.00359891 0.00184639 0.0042648 -0.137385 0.0194508 0.0111724 0.000616478 0.00341946 0.0195035 
0.238915 0.0103327 0.048796 0.0142396 0.0212068 0.00685293 0.00537029 0.0597167 0.00478744 0.00467741 0.014349 0.00350036 0.00805535 0.0118641 0.0148145 -0.669347 0.185002 0.00177393 0.00665704 0.0084351 
0.099619 0.00864051 0.0210943 0.00528897 0.0146442 0.006665 0.00171874 0.00988796 0.00399642 0.0429048 0.0275781 0.00588124 0.0250016 0.00473573 0.00898618 0.195368 -0.589782 0.000839412 0.00475509 0.102177 
0.00740926 0.00902307 0.00127442 0.000824998 0.00514609 0.000250759 0.000868112 0.00741724 0.00130047 0.0133439 0.0399428 0.000617314 0.0081826 0.0817565 0.00160549 0.00606561 0.00271792 -0.259949 0.0633733 0.00882946 
0.0185727 0.00582027 0.00559387 0.00639073 0.00318885 0.005243 0.0015637 0.00308105 0.0292299 0.0169988 0.0366499 0.00436715 0.00584239 0.227545 0.00396657 0.0101388 0.00685785 0.0282276 -0.44039 0.0211119 
0.132566 0.00342604 0.0028621 0.00125315 0.0191556 0.00125323 0.00235675 0.00637956 0.00106612 0.483314 0.161249 0.0015413 0.0266228 0.0248867 0.00889387 0.0050503 0.0579299 0.00154605 0.00829942 -0.949652 
-2.37701 0.0821738 0.0917793 0.102117 0.0255103 0.173941 0.272517 0.161937 0.0321628 0.0514839 0.105733 0.173131 0.0403158 0.0263563 0.152037 0.429346 0.212086 0.0046511 0.0303669 0.209362 
0.0830396 -1.81641 0.074799 0.0176212 0.0136102 0.252157 0.0868435 0.051169 0.103124 0.02592 0.0806517 0.678671 0.0289985 0.00907051 0.0360483 0.0943088 0.0867497 0.0157415 0.0357193 0.0421646 
0.115286 0.0929771 -2.2792 0.444425 0.0104005 0.153097 0.1025 0.216804 0.157472 0.0192377 0.0283552 0.233515 0.0118433 0.0147662 0.0217652 0.399725 0.188674 0.00503111 0.0420385 0.0212905 
0.102205 0.0174525 0.354112 -1.76623 0.00176444 0.0763954 0.661363 0.110819 0.0432003 0.00540152 0.0095377 0.0619656 0.00448386 0.00305432 0.0501605 0.158986 0.0809526 0.00307456 0.00805378 0.0132513 
0.241266 0.127378 0.0783071 0.0166729 -2.37014 0.0425924 0.00959775 0.101191 0.0772297 0.127579 0.171524 0.0284763 0.0600519 0.136834 0.0232339 0.471958 0.167583 0.0363905 0.197747 0.254525 
0.217389 0.311857 0.152325 0.0953957 0.00562843 -2.43989 0.458873 0.0530687 0.152268 0.0291306 0.11754 0.40135 0.0462318 0.0136259 0.0522141 0.154892 0.10947 0.00408261 0.0151934 0.049358 
0.178092 0.0561612 0.0533266 0.431833 0.000663193 0.239943 -1.49061 0.0420352 0.0263098 0.0154533 0.0253287 0.18831 0.00957591 0.00314876 0.0416475 0.0753238 0.0566918 0.00144975 0.00672942 0.0385879 
0.193118 0.0603853 0.205832 0.132043 0.0127596 0.0506383 0.0767078 -1.2086 0.024112 0.00839826 0.019074 0.0566279 0.00602989 0.0160659 0.0397992 0.227288 0.0429475 0.0102779 0.00721025 0.0192847 
0.0864738 0.274371 0.337057 0.116049 0.0219551 0.327568 0.108242 0.0543609 -2.37106 0.0388791 0.0936007 0.128291 0.0228794 0.0831335 0.0515842 0.146746 0.0889514 0.0242024 0.326186 0.0405331 
0.100509 0.0500742 0.0298987 0.0105359 0.0263349 0.0455036 0.046164 0.0137482 0.0282304 -2.24477 0.472433 0.0753238 0.168112 0.10339 0.037 0.0431253 0.218314 0.013811 0.0772901 0.684973 
0.114762 0.0866264 0.0245013 0.0103433 0.0196849 0.102079 0.0420678 0.0173601 0.0377865 0.262662 -1.61057 0.0702507 0.193081 0.156579 0.0538798 0.0582772 0.0694934 0.0346374 0.0661044 0.190393 
0.130768 0.507262 0.140413 0.0467628 0.0022742 0.242556 0.217644 0.0358657 0.0360404 0.0291424 0.0488863 -1.7901 0.0251276 0.00588463 0.044873 0.104696 0.122794 0.0017332 0.0118102 0.0355706 
0.170864 0.121619 0.0399594 0.0189869 0.0269106 0.156777 0.062102 0.0214294 0.0360653 0.36496 0.753923 0.140995 -2.71152 0.0934703 0.0256013 0.0712411 0.228148 0.0464433 0.0774034 0.254622 
0.0673914 0.0229509 0.0300577 0.00780297 0.0369943 0.0278772 0.0123199 0.0344468 0.0790615 0.135415 0.368864 0.0199211 0.0563919 -1.85714 0.0349591 0.0936515 0.0417111 0.108324 0.547269 0.131736 
0.187467 0.0439854 0.0213652 0.0617963 0.00302913 0.0515142 0.0785803 0.0411504 0.0236571 0.0233693 0.0612087 0.0732548 0.00744838 0.0168584 -0.987547 0.171959 0.0714952 0.00448608 0.00567937 0.0392432 
0.42134 0.0915853 0.312288 0.155887 0.0489721 0.121624 0.113111 0.187036 0.0535623 0.0216783 0.0526909 0.136028 0.016496 0.0359435 0.13686 -2.4249 0.44342 0.00482012 0.0318925 0.0396621 
0.257031 0.104037 0.182034 0.0980233 0.0214745 0.106153 0.105134 0.043645 0.0400955 0.135526 0.077594 0.197027 0.06524 0.01977 0.0702707 0.547601 -2.33372 0.00561702 0.0229201 0.234526 
0.0298308 0.0999087 0.0256887 0.0197023 0.0246784 0.0209513 0.0142283 0.0552763 0.0577348 0.0453735 0.204676 0.0147175 0.070284 0.271715 0.0233346 0.0315023 0.0297264 -1.28385 0.215265 0.0292602 
0.0668983 0.0778693 0.0737276 0.0177272 0.0460623 0.0267814 0.0226851 0.0133195 0.26727 0.0872182 0.134171 0.0344465 0.0402345 0.471516 0.010147 0.0715943 0.0416637 0.0739398 -1.64808 0.0708107 
0.32135 0.0640438 0.0260157 0.0203219 0.0413077 0.0606181 0.0906318 0.0248208 0.0231398 0.538545 0.269242 0.0722848 0.0922146 0.0790796 0.0488506 0.0620341 0.297029 0.00700242 0.0493361 -2.18787 
-0.106815 0.106815 
0.182718 -0.182718 
-0.235542 0.235542 
0.190814 -0.190814 
-0.18994 0.18994 
0.146228 -0.146228 
-0.216223 0.216223 
0.168351 -0.168351 
-0.0591913 0.0591913 
0.214672 -0.214672 
-0.186319 0.186319 
0.0899347 -0.0899347 
-0.228212 0.228212 
0.0814672 -0.0814672 
-0.122545 0.122545 
0.263674 -0.263674 
-0.138462 0.138462 
0.145569 -0.145569 
-0.0991922 0.0991922 
0.327558 -0.327558 
-0.117741 0.117741 
0.32176 -0.32176 
-0.239842 0.239842 
0.0893383 -0.0893383 
-0.131171 0.131171 
0.274032 -0.274032 
-0.106214 0.106214 
0.307269 -0.307269 
-0.16882 0.16882 
0.16221 -0.16221 
-0.159884 0.159884 
0.16053 -0.16053 
-0.14549 0.14549 
0.170827 -0.170827 
-0.153199 0.153199 
0.294004 -0.294004 
-0.15943 0.15943 
0.235942 -0.235942 
-0.118662 0.118662 
0.311238 -0.311238 
